151583,225310	278
154338,230785	359
154338,230786	347
154338,323859	253
164060,164064	260
168534,216939	282
176222,177959	274
176222,276904	269
176222,338716	291
176224,177956	282
177366,177368	255
177956,177959	338
177959,234422	318
177959,276904	306
177959,338716	357
177965,198026	355
177965,264109	259
177965,295780	255
181408,224891	371
181408,245357	294
181408,294645	299
181408,311689	264
181408,335976	268
192178,326507	286
209418,321049	264
213501,248842	254
216939,220612	270
217949,223863	311
223863,223866	256
223863,325122	263
225310,225333	476
228033,228034	273
228033,296294	305
228033,319829	262
228034,296294	355
228034,319829	312
229712,305459	306
230778,230785	385
230785,230786	458
230785,333531	265
230786,333531	350
234999,336373	446
236945,274552	285
249015,311712	256
264109,276904	348
264109,317875	301
264109,326975	360
272748,275378	424
272748,294645	290
272748,294842	356
272748,296604	251
272748,300296	309
272748,311689	302
272748,311712	447
272748,330326	422
276904,276909	803
276904,302311	252
276904,306272	325
276904,338716	314
292697,305459	264
294645,296604	309
294645,310649	498
296294,319829	333
296294,335976	304
296604,300296	862
300296,311689	297
302311,321965	339
302571,316095	292
302571,316144	367
302571,316155	378
311354,311358	260
311689,312067	547
311689,335976	535
311689,338352	390
311689,340712	273
311712,311797	317
311712,311822	322
311712,330326	327
316144,316155	284
321049,335976	265
323853,323859	296
325122,325137	313
325122,325144	387
325623,342407	319
327459,338583	373
327459,338716	280
333276,337105	782
333531,333535	351
335976,337145	321
335976,338352	525
335976,340712	388
338352,340712	568
338583,338716	470
60797,154338	338
