11210	455
12081	364
15301	303
27882	297
47996	622
47997	308
50848	290
51904	285
56579	301
59140	324
60797	546
62502	391
62531	256
68436	363
75366	321
75554	661
77219	299
80157	325
88826	475
90222	267
90249	287
90957	508
91173	366
92408	358
93656	314
95155	305
95579	271
95582	269
97266	369
97694	369
97700	293
97702	403
101567	596
108580	297
109323	314
109661	332
109796	425
110133	408
110536	281
111289	571
111290	305
111294	508
111711	260
113811	272
115532	278
115534	624
116881	377
119035	329
121810	372
121823	268
123759	378
123781	754
123783	343
125235	267
126395	304
126411	391
131921	276
131922	309
137218	263
137286	256
137309	267
138648	294
140338	476
141347	360
142788	297
143052	806
143058	366
143998	538
145433	307
146951	333
146999	296
147047	366
147479	368
147763	431
149811	605
149813	254
149814	523
149984	592
151384	251
151583	1159
154142	823
154143	339
154338	1368
155122	722
155230	273
155334	287
155380	265
155514	619
156909	371
158027	259
159388	299
161298	290
164060	768
164063	311
164064	416
164065	255
167365	428
167484	351
168363	354
168534	1292
168746	412
169009	256
170209	374
170988	669
172279	299
173922	288
174573	281
174574	342
175645	308
176048	621
176222	1518
176224	935
176580	511
176726	550
177061	546
177366	504
177368	832
177370	358
177536	322
177627	340
177635	269
177956	1165
177959	1654
177963	561
177965	1406
179904	394
180147	344
180233	273
180395	433
180439	655
180635	357
181408	2078
182545	334
182688	271
182756	448
183175	395
183957	431
184279	307
185277	251
185684	344
187560	280
192178	1289
192314	483
193769	325
196442	436
196447	298
196525	714
197575	498
198018	263
198026	701
199024	397
199026	737
200632	283
201186	259
201200	258
201294	545
201295	278
201890	352
203986	295
204722	579
205065	343
205132	343
205490	378
205928	686
205942	534
205945	366
205979	301
206384	383
206388	567
207084	386
207274	337
207590	384
207761	523
208591	359
208703	319
208712	403
209418	1497
209606	323
210639	287
211151	364
212271	411
212963	285
213012	394
213257	272
213296	259
213501	491
213591	292
214163	269
214264	316
214268	381
215004	729
215581	293
215968	289
216050	354
216400	345
216476	579
216480	819
216549	670
216553	694
216939	1324
216944	730
216958	951
216962	517
216981	436
217153	285
217949	864
218302	304
219136	358
219671	589
220314	328
220328	446
220351	330
220415	908
220417	329
220603	270
220606	533
220612	417
220786	406
220843	514
220994	275
221143	427
221144	738
221211	423
221323	324
221335	287
221344	414
221346	497
221352	255
222531	268
222539	319
222664	269
222979	294
223156	340
223169	621
223332	699
223863	1013
223865	274
223866	427
223867	310
223997	615
224005	271
224891	483
225310	1967
225333	797
225345	277
225347	467
225354	330
226219	316
226239	668
227219	317
227223	294
227267	272
227278	434
228033	682
228034	822
229620	305
229624	361
229712	498
229834	521
229866	658
229875	262
230713	282
230758	570
230766	540
230778	727
230785	1290
230786	1496
230790	385
231140	329
231190	314
231270	323
231272	784
231275	251
231277	268
231331	430
231384	377
232173	464
232177	277
232183	251
232828	331
232936	387
233010	552
233041	381
233046	268
233113	327
233257	1043
233286	389
233310	538
233311	264
233360	262
234227	349
234422	1362
234424	303
234808	375
234999	1705
236945	1118
237335	320
237628	519
238453	349
239062	307
239117	393
239128	336
239206	539
241508	282
244644	595
245357	639
245996	267
246187	431
247352	379
247359	306
248842	1016
248971	404
249015	697
255780	251
259860	323
259861	765
264109	1871
264858	620
264917	344
264947	657
264998	624
266370	430
266401	306
268105	369
268289	255
268994	414
269180	596
269512	261
270713	533
272748	2703
272967	292
274552	315
275378	613
276093	261
276904	2556
276909	1026
277290	252
277352	1108
278571	750
278575	273
278608	272
279654	399
279721	881
279724	263
279819	376
280821	431
281027	386
281113	432
281202	301
281233	313
282202	701
282240	325
283204	296
283626	685
287184	269
290839	616
292697	1381
293123	269
293260	268
294224	346
294227	510
294383	337
294473	399
294645	2724
294740	652
294842	469
295699	310
295780	383
296095	281
296294	1133
296408	544
296604	2087
296796	368
296797	265
296946	287
298061	315
298143	282
298740	337
298784	349
299266	566
299853	290
299855	284
299857	1071
300296	2226
300808	358
300830	425
300923	413
301014	258
301121	368
301175	281
301274	335
301721	320
302023	268
302283	705
302301	787
302302	792
302311	1362
302359	606
302571	1352
302824	320
302848	484
302853	436
302946	292
303065	300
303095	267
303806	358
303852	288
303865	560
303992	435
303997	329
303998	910
305459	1403
305859	266
305909	253
306269	357
306272	939
306289	609
306815	265
306852	986
307867	481
308326	261
308329	585
308692	294
308833	254
309835	567
309915	310
310649	674
311354	1025
311355	487
311358	796
311560	358
311581	338
311617	281
311638	619
311689	2800
311712	1872
311735	320
311797	469
311822	1084
312067	753
312149	561
312908	290
312910	327
313079	364
313210	316
313627	386
314182	300
314860	267
314941	425
315005	294
315150	500
315290	293
315822	266
315829	397
315861	344
316095	380
316144	472
316155	655
316504	389
317066	363
317189	334
317345	478
317441	256
317554	392
317635	267
317875	771
318047	450
318767	266
319262	269
319829	924
321049	1237
321216	383
321374	252
321859	450
321879	306
321965	468
322965	264
323853	527
323859	957
325122	1085
325137	384
325144	463
325550	384
325623	848
325662	800
325987	300
326072	991
326166	265
326192	255
326312	599
326404	535
326423	783
326428	817
326450	346
326507	1294
326975	571
327459	1034
328460	1429
328727	361
328904	295
329611	396
330081	558
330326	1216
330716	678
331576	264
331682	523
331956	333
332471	555
332856	309
332858	258
332862	258
332870	301
333221	522
333276	1103
333527	337
333531	989
333535	503
335231	762
335969	444
335976	2558
336373	615
337105	1324
337145	417
337929	714
338218	345
338322	648
338344	384
338352	1436
338583	1054
338716	1954
339570	399
340017	768
340712	1172
340735	774
340758	265
341102	258
341276	346
342407	1181
343161	296
343854	317
344016	555
344024	569
